91
5 200 224 5 7
path_br 122 178 16 16
6 153 91 5 7
path_t 19 22 16 16
3 225 248 5 7
4 103 60 5 7
path_r 20 48 16 16
9 118 157 5 7
tower_archer 109 69 15 18
7 114 22 5 7
path_bl 15 174 16 16
material_stone 218 69 32 16
8 221 116 5 7
path_l 232 88 16 16
material_metal 35 67 32 16
? 42 58 5 7
material_wood 187 133 32 16
grass 223 217 16 16
stick_down_2 46 189 13 13
building_barn 81 227 14 15
stick_down_1 189 241 13 13
building_house 8 133 14 16
↓ 206 248 5 7
stick_down_0 204 118 13 13
path_tl 173 223 16 16
! 99 169 5 7
stick_down_3 235 242 13 13
) 146 65 5 7
( 37 93 5 7
. 125 246 5 7
1 218 10 5 7
2 74 240 5 7
/ 161 28 5 7
0 192 221 5 7
u 16 202 5 7
v 129 225 5 7
s 166 234 5 7
t 68 93 5 7
y 144 205 5 7
button_x 137 108 11 11
z 118 248 5 7
button_y 12 95 11 11
w 94 83 5 7
x 32 198 5 7
enemy_slime 105 116 12 11
stick_up_2 242 220 13 13
stick_up_3 102 239 13 13
key 241 122 11 11
button_b 36 170 11 11
path_tr 46 99 16 16
lifebar_empty 185 185 1 2
stick_up_0 4 225 13 13
stick_up_1 194 95 13 13
buidling_windmill 189 185 30 32
↑ 195 62 5 7
→ 112 48 5 7
button_a 61 117 11 11
← 245 209 5 7
building_lumber 70 71 21 16
stick_right_0 79 46 13 13
stick_right_1 152 193 13 13
stick_right_2 138 49 13 13
stick_right_3 130 13 13 13
] 171 4 5 7
[ 231 18 5 7
a 61 164 5 7
b 49 206 5 7
e 97 223 5 7
f 141 187 5 7
c 30 99 5 7
stick_left_1 183 151 13 13
d 26 143 5 7
stick_left_0 27 123 13 13
path_b 170 196 16 16
i 6 200 5 7
stick_left_3 207 232 13 13
j 101 178 5 7
stick_left_2 37 25 13 13
g 228 238 5 7
h 85 208 5 7
m 150 74 5 7
n 14 193 5 7
k 222 131 5 7
material_energy 150 126 32 16
lifebar_full 148 164 1 2
l 57 89 5 7
q 44 85 5 7
r 250 35 5 7
material_gold 149 145 32 16
o 32 246 5 7
p 231 203 5 7
