91
path_tl 0 0 16 16
path_t 16 0 16 16
path_tr 32 0 16 16
path_l 0 16 16 16
grass 16 16 16 16
path_r 32 16 16 16
path_bl 0 32 16 16
path_b 16 32 16 16
path_br 32 32 16 16
tower_archer 64 14 15 18
enemy_slime 82 20 12 11
material_gold 0 48 32 16
material_wood 0 64 32 16
material_stone 0 80 32 16
material_metal 0 96 32 16
material_energy 0 112 32 16
buidling_windmill 96 48 30 32
building_barn 97 17 14 15
building_house 96 32 14 16
building_lumber 96 32 21 16
lifebar_full 80 14 1 2
lifebar_empty 81 14 1 2
a 100 144 5 7
b 105 144 5 7
c 110 144 5 7
d 115 144 5 7
e 120 144 5 7
f 125 144 5 7
g 130 144 5 7
h 100 151 5 7
i 105 151 5 7
j 110 151 5 7
k 115 151 5 7
l 120 151 5 7
m 125 151 5 7
n 100 158 5 7
o 105 158 5 7
p 110 158 5 7
q 115 158 5 7
r 120 158 5 7
s 125 158 5 7
t 130 158 5 7
u 100 165 5 7
v 105 165 5 7
w 110 165 5 7
x 115 165 5 7
y 120 165 5 7
z 125 165 5 7
0 115 172 5 7
1 120 172 5 7
2 125 172 5 7
3 100 179 5 7
4 105 179 5 7
5 110 179 5 7
6 115 179 5 7
7 120 179 5 7
8 125 179 5 7
9 130 179 5 7
? 110 172 5 7
! 100 172 5 7
. 105 172 5 7
/ 130 151 5 7
( 134 165 5 7
) 134 172 5 7
[ 130 165 5 7
] 130 172 5 7
↑ 135 144 5 7
↓ 135 151 5 7
← 140 151 5 7
→ 140 144 5 7
key 150 203 11 11
stick_left_0 97 187 13 13
stick_left_1 110 187 13 13
stick_left_2 123 187 13 13
stick_left_3 136 187 13 13
stick_right_0 97 200 13 13
stick_right_1 110 200 13 13
stick_right_2 123 200 13 13
stick_right_3 136 200 13 13
stick_up_0 97 213 13 13
stick_up_1 110 213 13 13
stick_up_2 123 213 13 13
stick_up_3 136 213 13 13
stick_down_0 97 226 13 13
stick_down_1 110 226 13 13
stick_down_2 123 226 13 13
stick_down_3 136 226 13 13
button_a 162 227 11 11
button_b 162 215 11 11
button_x 150 227 11 11
button_y 150 215 11 11